((("server" .
   [1 0 0 0 0 0])
  ("pfactory" .
   [0 0 0 1 0 0 0 0])
  ("tfactory" .
   [0 0 0 0 1 0 0 0])
  ("processor" .
   [1 0 0 0 0 0 0 0 0])
  ("TBufferedTransportFactory" .
   [0 0 1 0 0 0 0 0 0 0 0 0 0 0 0 0 0 0 0 0 0 0 0 0 0])
  ("TBinaryProtocol" .
   [0 0 0 2 0 0 0 0 0 0 0 0 0 0 0])
  ("TTransport" .
   [0 0 1 0 0 0 0 0 0 0])
  ("TServer" .
   [0 0 0 0 1 0 1])
  ("TSocket" .
   [1 0 0 0 0 0 0])
  ("MathHandler" .
   [0 0 0 0 0 1 0 0 0 0 0])
  ("MathService" .
   [0 0 1 0 0 0 0 0 0 0 1])
  ("demo" .
   [3 0 0 0])
  ("transport" .
   [0 0 0 0 3 0 0 0 0])
  ("thrift" .
   [0 0 0 1 2 0])
  ("save_txt" .
   [1 0 0 0 0 0 0 0])
  ("txt_fname" .
   [1 0 0 0 0 0 0 0 0])
  ("load_json" .
   [2 0 0 0 0 0 0 0 0])
  ("save_url_tag_txt" .
   [0 0 0 0 1 0 0 0 0 0 0 0 0 0 0 0])
  ("__name__" .
   [1 0 0 0 0 0 0 0])
  ("in" .
   [1 0])
  ("get_mysql_data" .
   [2 0 0 0 0 0 0 0 0 0 0 0 0 0])
  ("as" .
   [1 0])
  ("uid" .
   [1 0 0])
  ("all" .
   [3 0 0])
  ("merge_decile_json" .
   [0 0 0 0 0 1 0 0 0 0 0 0 0 0 0 0 0])
  ("new_car" .
   [5 0 0 0 1 0 0])
  ("keyword" .
   [2 0 0 0 0 1 0])
  ("cur" .
   [1 0 1])
  ("port" .
   [1 0 0 0])
  ("passwd" .
   [1 0 0 0 0 0])
  ("user" .
   [1 0 0 0])
  ("host" .
   [1 0 0 0])
  ("config" .
   [0 0 0 0 1 0])
  ("from" .
   [6 0 1 0])
  ("MySQLdb" .
   [1 0 2 0 0 0 0])
  ("DATABASE" .
   [0 0 0 0 0 0 1 0])
  ("database" .
   [2 0 0 0 0 0 0 0])
  ("TABLE" .
   [1 0 0 1 0])
  ("PASSWD" .
   [1 0 0 0 0 0])
  ("USER" .
   [1 0 0 0])
  ("USERDATA_COLNAME" .
   [0 0 0 0 1 0 0 0 0 0 0 0 0 0 0 0])
  ("PORT" .
   [1 0 0 0])
  ("HOST" .
   [1 0 0 0])
  ("数据库配置" .
   [0 0 1 0 0])
  ("not" .
   [3 0 0])
  ("now" .
   [6 0 0])
  ("female" .
   [3 0 0 1 0 0])
  ("car" .
   [18 0 0])
  ("json_file" .
   [1 0 0 0 0 0 0 0 0])
  ("export" .
   [2 0 0 0 0 0])
  ("itf" .
   [1 0 0])
  ("float" .
   [1 0 0 0 0])
  ("int" .
   [1 0 0])
  ("else" .
   [6 0 0 0])
  ("append" .
   [1 0 0 0 0 0])
  ("term_list" .
   [2 0 0 0 0 0 0 0 0])
  ("type" .
   [1 0 0 0])
  ("if" .
   [23 0])
  ("len" .
   [8 0 0])
  ("strip" .
   [1 0 0 0 1])
  ("unicode" .
   [2 0 0 0 0 0 0])
  ("term" .
   [33 0 0 0])
  ("return" .
   [8 0 0 0 0 0])
  ("lst" .
   [18 0 0])
  ("main" .
   [1 0 0 0])
  ("id_term" .
   [3 0 2 0 0 0 0])
  ("term_id" .
   [6 0 0 1 4 0 1])
  ("save_json" .
   [0 0 0 0 1 0 0 0 0])
  ("read_file" .
   [2 0 0 0 0 0 0 0 0])
  ("line" .
   [2 0 0 0])
  ("data" .
   [18 0 0 0])
  ("json" .
   [11 0 1 0])
  ("open" .
   [9 0 0 0])
  ("codecs" .
   [14 0 0 0 0 0])
  ("with" .
   [10 0 0 0])
  ("fname" .
   [10 0 0 0 0])
  ("load" .
   [15 0 0 1])
  ("value" .
   [1 0 0 0 0])
  ("Exception" .
   [0 0 1 0 0 0 0 0 0])
  ("try" .
   [1 0 0])
  ("started" .
   [0 0 0 0 0 1 0])
  ("loser" .
   [3 0 0 0 0])
  ("winner" .
   [4 0 0 0 0 0])
  ("fail" .
   [1 0 0 0])
  ("win" .
   [1 0 0])
  ("datetime" .
   [0 0 0 1 2 0 0 0])
  ("import" .
   [18 0 0 0 0 0])
  ("read" .
   [1 0 0 1])
  ("start" .
   [0 0 1 0 0])
  ("threadB" .
   [0 0 1 0 0 0 0])
  ("threadA" .
   [0 0 0 1 1 0 0])
  ("for" .
   [30 0 0])
  ("def" .
   [24 0 0])
  ("name" .
   [1 0 2 0])
  ("self" .
   [2 0 2 1])
  ("__init__" .
   [0 0 0 0 0 0 0 1])
  ("__" .
   [1 0])
  ("threading" .
   [0 0 0 0 0 0 0 0 2])
  ("Thread" .
   [0 0 4 1 0 2])
  ("class" .
   [1 0 0 1 0])
  ("kbd" .
   [1 0 0])
  ("gevent" .
   [1 0 5 2 0 0])
  ("print" .
   [74 0 0 0 1])
  ("sleep" .
   [0 0 1 0 0])
  ("foo" .
   [1 0 0])
  ("spawn" .
   [0 0 1 0 1])
  ("bar" .
   [1 0 1])
  ("message" .
   [1 0 0 0 0 0 0])
  ("feature_list" .
   [0 0 0 0 0 0 0 1 0 0 0 0])
  ("keys" .
   [5 0 0 0])
  ("xlrd" .
   [2 0 0 0])
  ("rst" .
   [19 0 0])
  ("open_workbook" .
   [0 0 0 0 0 0 0 1 0 0 0 0 0])
  ("filename" .
   [3 0 0 0 1 0 0 0])
  ("table" .
   [2 0 0 1 0])
  ("sheets" .
   [0 0 0 1 0 0])
  ("nrows" .
   [0 0 0 1 0])
  ("xrange" .
   [1 0 0 0 0 0])
  ("row_values" .
   [0 0 1 0 0 0 0 0 0 0])
  ("read_xls" .
   [0 0 0 0 0 1 0 0])
  ("key" .
   [2 0 1])
  ("lambda" .
   [2 0 0 0 0 0])
  ("old_file" .
   [0 0 0 0 1 0 0 0])
  ("old_dict" .
   [4 0 0 2 0 0 1 0])
  ("join" .
   [2 0 0 0])
  ("update_car_cate_term_json" .
   [0 0 0 0 1 0 0 0 0 0 0 0 0 0 0 0 0 0 0 0 0 0 0 0 0])
  ("cPickle" .
   [1 0 0 0 0 0 0])
  ("new_file" .
   [0 0 0 0 0 0 0 1])
  ("dump" .
   [3 0 0 0])
  ("xlsx_file" .
   [0 0 0 0 0 1 0 0 0])
  ("tag" .
   [31 0 0])
  ("tid" .
   [3 0 0])
  ("wgt" .
   [3 0 0])
  ("new_dict" .
   [3 0 0 0 0 0 0 0])
  ("set" .
   [2 0 0])
  ("old_term_tag" .
   [1 0 0 1 2 1 0 0 1 0 0 1])
  ("old_json_file" .
   [0 0 0 0 0 0 0 0 0 1 0 0 0])
  ("update" .
   [2 0 0 0 0 0])
  ("defaultdict" .
   [0 0 0 0 1 0 1 0 0 0 0])
  ("dict" .
   [3 0 0 0])
  ("get" .
   [1 0 0])
  ("and" .
   [2 0 0])
  ("0" .
   [5])
  ("8" .
   [2])
  ("1" .
   [3])
  ("2" .
   [2])
  ("3" .
   [1])
  ("url" .
   [14 0 0])
  ("get_data" .
   [1 0 0 0 0 0 0 0])
  ("url2" .
   [3 0 0 0])
  ("base64" .
   [1 0 0 0 0 0])
  ("urllib" .
   [1 0 0 0 0 0])
  ("cursors" .
   [0 0 0 0 1 0 1])
  ("SSCursor" .
   [0 0 0 1 0 0 0 0])
  ("time" .
   [1 0 0 0])
  ("now_time" .
   [0 0 0 1 0 0 0 0])))
